0.652831,0.2901,0.333645,0.253781,0.90235,0.622716,0.666211,0.11948,0.260921,0.123126,0.45093
0,1,0,0,0,0,0,0,0,1,0
0.603306
0.812612,0.4639,0.457728,0.926403,0.825919,0.0812831,0.931813,0.926954,0.682622,0.680704,0.04418
0,1,0,0,0,0,0,0,0,1,0
0.786151
0.408008,0.267573,0.0682318,0.0324107,0.665396,0.272869,0.340513,0.415318,0.969296,0.137119,0.467374
0,0,0,1,0,0,0,1,0,0,0
0.611932
0.0270302,0.381167,0.0509856,0.890391,0.343875,0.576077,0.756201,0.081794,0.549624,0.362729
0,0,0,0,1,1,0,0,0,0
0.729988
0.611235,0.095155,0.113752,0.0328031,0.797568,0.0954384,0.559631,0.468042,0.115971,0.961993,0.0433244
0,1,0,0,0,1,0,0,0,0,0
0.547648
0.191567,0.0440775,0.740202,0.198205,0.621028,0.267606,0.257052,0.678882,0.0826297,0.790022,0.927881
0,0,0,1,0,1,0,0,0,0,0
0.616453
0.45657,0.853999,0.560087,0.471842,0.921191,0.0720793,0.467342,0.242123,0.898839,0.940174,0.975597
0,1,0,0,0,0,0,0,1,0,0
0.93821
0.393632,0.964554,0.463133,0.593092,0.438914,0.573603,0.585493,0.841438,0.410215,0.595116,0.673851
1,0,0,0,0,0,0,0,1,0,0
0.700962
0.736348,0.863102,0.627346,0.337421,0.147331,0.82231,0.931558,0.434373,0.518615,0.311147
0,0,0,0,1,0,0,1,0,0
0.645426
0.381684,0.804186,0.215694,0.840363,0.335028,0.385384,0.325341,0.692601,0.848831,0.875883
0,0,1,0,0,0,0,0,1,0
0.766131
0.256028,0.667948,0.237929,0.944886,0.0853951,0.916841,0.654937,0.455553,0.0556821,0.248087,0.758854
0,0,0,1,0,0,1,0,0,0,0
0.899956
0.054622,0.251561,0.374362,0.0274134,0.916023,0.0732069,0.143964,0.105575,0.30283,0.386539
0,0,1,0,0,0,1,0,0,0
0.629581
0.846429,0.123536,0.174766,0.678622,0.939828,0.889598,0.393688,0.972877,0.905398,0.374099
0,0,1,0,0,0,0,0,0,1
0.637216
0.0971546,0.198218,0.17346,0.300023,0.00777653,0.143384,0.236782,0.63822,0.420951,0.289698
0,0,0,1,0,0,0,0,0,1
0.64743
0.367973,0.696178,0.550684,0.826879,0.916232,0.944954,0.399041,0.42309,0.436226,0.189747,0.70539
0,0,1,0,0,1,0,0,0,0,0
0.87391
0.434043,0.367285,0.964535,0.099036,0.613658,0.78771,0.130483,0.772452,0.780294,0.143867,0.801492
1,0,0,0,0,0,0,0,1,0,0
0.803584
0.205798,0.0698246,0.88266,0.45842,0.773885,0.357813,0.625202,0.152092,0.840228,0.105077
0,0,0,1,0,0,0,0,0,1
0.640874
0.593816,0.708529,0.729375,0.0743865,0.164169,0.129724,0.548434,0.160739,0.283619,0.396941
0,0,0,0,1,0,0,0,1,0
0.611947
0.718168,0.927031,0.124513,0.732098,0.0169829,0.454747,0.882758,0.267187,0.0124039,0.310316,0.901522
0,1,0,0,0,0,0,1,0,0,0
0.798554
0.278745,0.290111,0.550386,0.227366,0.280271,0.871209,0.740021,0.748856,0.130452,0.212301,0.543606
0,0,0,1,0,0,0,0,0,1,0
0.609917
0.553466,0.533198,0.169812,0.334245,0.960257,0.230626,0.954366,0.384562,0.901605,0.949697
0,1,0,0,0,0,0,0,1,0
0.858701
0.350607,0.912963,0.324293,0.549646,0.199337,0.321844,0.248149,0.157807,0.244385,0.80853,0.162067
0,1,0,0,0,0,0,0,0,1,0
0.930373
0.21837,0.892821,0.146881,0.48773,0.183089,0.00914924,0.549839,0.195443,0.776218,0.399805,0.423478
1,0,0,0,0,0,0,0,1,0,0
0.748647
0.923603,0.319169,0.572448,0.657578,0.646837,0.461225,0.622764,0.211105,0.190774,0.0589825
0,1,0,0,0,1,0,0,0,0
0.695099
0.129439,0.5664,0.789187,0.359487,0.115081,0.905724,0.0261473,0.711538,0.423015,0.50782
0,0,0,0,1,0,1,0,0,0
0.535307
0.0719077,0.35115,0.621476,0.735499,0.586121,0.864072,0.0188261,0.135778,0.965602,0.0852224,0.724675
0,0,0,0,1,0,0,0,1,0,0
0.887931
0.680708,0.528053,0.636396,0.88453,0.158329,0.12642,0.450142,0.226582,0.0709298,0.680213,0.412651
1,0,0,0,0,0,0,0,1,0,0
0.687909
0.525288,0.667085,0.160761,0.858066,0.188621,0.66278,0.101513,0.925056,0.602913,0.800699
0,1,0,0,0,0,0,0,1,0
0.817499
0.837699,0.410309,0.579781,0.137501,0.887688,0.98882,0.243944,0.603965,0.62814,0.132472
0,0,0,0,1,1,0,0,0,0
0.969127
0.618822,0.441566,0.489439,0.755698,0.661086,0.361685,0.564493,0.0229085,0.534424,0.263127,0.377342
0,1,0,0,0,0,0,0,0,1,0
0.676173
0.166985,0.735263,0.796252,0.505606,0.95077,0.252755,0.521909,0.898903,0.170605,0.466747,0.973207
1,0,0,0,0,0,1,0,0,0,0
0.672223
0.302998,0.334202,0.183468,0.496594,0.553275,0.115339,0.757003,0.932231,0.00498658,0.280322,0.146904
0,0,0,1,0,0,0,1,0,0,0
0.857206
0.755777,0.671224,0.291015,0.247752,0.785846,0.0529229,0.915893,0.0619563,0.0872149,0.27938,0.858311
0,0,1,0,0,1,0,0,0,0,0
0.585984
0.980069,0.910232,0.806595,0.562214,0.0406966,0.0482522,0.0723634,0.736322,0.634706,0.863905,0.950718
0,0,0,0,1,0,0,1,0,0,0
0.694255
0.400649,0.263554,0.203323,0.820139,0.446695,0.95279,0.336771,0.340336,0.731507,0.859291,0.775323
1,0,0,0,0,0,0,0,1,0,0
0.783039
0.156114,0.96924,0.638672,0.563767,0.507966,0.923052,0.856638,0.869388,0.441212,0.279427
0,0,0,1,0,0,0,1,0,0
0.858289
0.39152,0.743919,0.522115,0.837561,0.684887,0.493521,0.470827,0.646735,0.120785,0.902326
0,0,0,0,1,0,0,1,0,0
0.832905
0.931402,0.674356,0.180194,0.896293,0.220084,0.433408,0.429736,0.308153,0.898983,0.110289,0.067709
0,0,1,0,0,0,1,0,0,0,0
0.652482
0.25304,0.892576,0.142764,0.263398,0.134501,0.180447,0.146218,0.774082,0.4845,0.513125,0.872637
0,0,0,1,0,0,0,0,0,1,0
0.694131
0.146518,0.831764,0.796835,0.616329,0.488908,0.654819,0.737322,0.0121087,0.0475852,0.333562,0.596989
0,0,0,1,0,1,0,0,0,0,0
0.817787
0.604952,0.569707,0.225418,0.0772299,0.705823,0.485362,0.221266,0.411823,0.9245,0.781029,0.369682
0,0,0,1,0,0,0,0,0,1,0
0.714565
0.323816,0.277328,0.985517,0.310553,0.913355,0.270418,0.479454,0.386985,0.296365,0.574115,0.540537
1,0,0,0,0,0,1,0,0,0,0
0.700818
0.327153,0.295774,0.0179272,0.336495,0.939709,0.269462,0.612608,0.0960168,0.428745,0.423766
0,0,0,1,0,0,0,0,0,1
0.690065
0.281492,0.704089,0.966834,0.0274412,0.367622,0.874443,0.44912,0.685326,0.251077,0.0227223
0,0,0,1,0,0,0,1,0,0
0.678192
0.485649,0.968029,0.841476,0.0573869,0.332686,0.648868,0.516891,0.387543,0.238163,0.602082
0,0,0,0,1,0,0,1,0,0
0.680057
0.491177,0.558292,0.0116196,0.121547,0.415146,0.852075,0.527417,0.861943,0.636999,0.513186,0.836109
0,1,0,0,0,0,0,0,0,1,0
0.76787
0.352431,0.576292,0.290152,0.428191,0.323736,0.0498388,0.362485,0.771281,0.940172,0.794201
0,1,0,0,0,0,0,0,0,1
0.842623
0.189672,0.641455,0.754024,0.06581,0.995867,0.349092,0.831843,0.925158,0.5405,0.21871
1,0,0,0,0,0,0,1,0,0
0.778708
0.0885893,0.195601,0.331297,0.920907,0.777538,0.849589,0.719562,0.577197,0.783243,0.913596,0.216977
0,0,0,1,0,0,0,0,0,1,0
0.958626
0.904817,0.261456,0.0166587,0.124033,0.49134,0.210272,0.569762,0.128352,0.183269,0.491068
0,1,0,0,0,0,0,0,1,0
0.611181
0.291776,0.549294,0.890756,0.368811,0.708817,0.0874976,0.904266,0.229611,0.268959,0.223983
1,0,0,0,0,0,0,0,0,1
0.62894
0.817747,0.752803,0.0953969,0.479344,0.467,0.2507,0.183886,0.18978,0.73753,0.7027
0,0,0,0,1,0,0,1,0,0
0.664195
0.816897,0.892879,0.82088,0.971165,0.132292,0.847392,0.789876,0.76479,0.890197,0.471407
1,0,0,0,0,0,0,0,0,1
0.822076
0.896621,0.586258,0.135141,0.781188,0.254932,0.910159,0.435272,0.435049,0.823856,0.273849,0.6185
0,0,0,0,1,1,0,0,0,0,0
0.791273
0.495963,0.581575,0.430274,0.162365,0.544347,0.0902983,0.890817,0.489603,0.400693,0.515756
0,0,1,0,0,0,0,0,0,1
0.736507
0.152165,0.675207,0.288662,0.820787,0.647449,0.0455939,0.893039,0.757617,0.612288,0.501053
1,0,0,0,0,0,0,0,0,1
0.663304
0.290988,0.133346,0.326882,0.842057,0.333218,0.806392,0.488718,0.799991,0.779007,0.863969,0.456568
0,0,0,0,1,0,0,1,0,0,0
0.783302
0.505522,0.100063,0.773611,0.865424,0.484376,0.338447,0.927551,0.372928,0.390396,0.113921,0.557356
0,0,0,0,1,0,0,1,0,0,0
0.714326
0.661386,0.754793,0.213607,0.31263,0.955499,0.111426,0.0649847,0.860638,0.0315972,0.627499
0,0,1,0,0,0,0,0,0,1
0.710276
0.427806,0.963095,0.867979,0.359547,0.668584,0.649473,0.220582,0.767849,0.599479,0.397784
0,1,0,0,0,1,0,0,0,0
0.903142
0.79745,0.0476665,0.208676,0.0675674,0.830102,0.51348,0.795721,0.653758,0.0662288,0.399592,0.43373
0,0,0,1,0,1,0,0,0,0,0
0.645262
0.819036,0.795701,0.218477,0.129631,0.642595,0.431683,0.253897,0.646101,0.580527,0.887047,0.917829
0,0,0,1,0,0,1,0,0,0,0
0.595882
0.624198,0.159415,0.509909,0.567639,0.640071,0.451514,0.827745,0.238898,0.879508,0.00577199
0,0,1,0,0,0,1,0,0,0
0.834414
0.880813,0.584232,0.0537438,0.364531,0.857974,0.233844,0.378404,0.926823,0.00922711,0.493902
0,0,0,0,1,0,0,1,0,0
0.946199
0.128169,0.920157,0.40466,0.674934,0.828455,0.128497,0.228059,0.682017,0.0512853,0.449576
0,1,0,0,0,1,0,0,0,0
0.762164
0.814259,0.460812,0.225593,0.729777,0.163611,0.482015,0.479993,0.354568,0.0428831,0.00322389,0.387401
0,0,1,0,0,1,0,0,0,0,0
0.676902
0.461308,0.671008,0.979416,0.119119,0.576063,0.799391,0.405427,0.0931969,0.44248,0.350735,0.0885047
1,0,0,0,0,0,0,1,0,0,0
0.638626
0.654053,0.991783,0.470766,0.278881,0.644022,0.0820675,0.212645,0.307468,0.307831,0.866491
0,0,1,0,0,0,1,0,0,0
0.670853
0.746245,0.545657,0.875713,0.810594,0.511336,0.457514,0.149062,0.571021,0.558723,0.730736,0.884964
0,0,0,0,1,0,1,0,0,0,0
0.665099
0.925979,0.316366,0.368774,0.464653,0.700925,0.252692,0.287194,0.00587482,0.688332,0.906484,0.185753
0,0,0,0,1,0,1,0,0,0,0
0.74703
0.90852,0.922237,0.0308075,0.46505,0.00807964,0.335808,0.316012,0.891064,0.421624,0.978706
1,0,0,0,0,0,0,0,1,0
0.832536
0.369802,0.219291,0.665063,0.464371,0.444627,0.318366,0.207884,0.949565,0.734964,0.656649,0.841339
1,0,0,0,0,0,0,0,1,0,0
0.776192
0.510156,0.961777,0.269884,0.0883079,0.531931,0.512554,0.853002,0.439424,0.497215,0.965884
1,0,0,0,0,0,0,0,1,0
0.751843
0.589104,0.189829,0.110328,0.738813,0.883596,0.413523,0.723384,0.294541,0.737886,0.906717
1,0,0,0,0,0,0,0,0,1
0.873955
0.319875,0.321684,0.773436,0.764909,0.0980724,0.170638,0.975196,0.798095,0.955973,0.515529,0.582974
1,0,0,0,0,0,0,0,0,1,0
0.708851
0.337131,0.607876,0.937693,0.0340857,0.927334,0.422903,0.0459276,0.443328,0.778488,0.590781,0.527256
0,0,0,0,1,0,0,1,0,0,0
0.842665
0.175626,0.995834,0.344702,0.858242,0.676856,0.849598,0.922862,0.370194,0.844317,0.391979
1,0,0,0,0,0,0,1,0,0
0.636455
0.378644,0.764408,0.579495,0.589005,0.699517,0.0580485,0.0981637,0.644645,0.22447,0.676887
0,0,0,1,0,0,1,0,0,0
0.671792
0.641274,0.00829384,0.59605,0.845363,0.30102,0.433288,0.846887,0.295669,0.662704,0.227859
1,0,0,0,0,0,0,0,0,1
0.717283
0.930111,0.142963,0.462782,0.114231,0.808126,0.998901,0.482082,0.123629,0.299518,0.922893
0,0,0,1,0,0,1,0,0,0
0.649078
0.414769,0.943998,0.647695,0.404936,0.779843,0.360191,0.681684,0.935795,0.783744,0.208077
0,0,0,0,1,0,1,0,0,0
0.865382
0.245584,0.569727,0.884006,0.55477,0.708206,0.315349,0.300626,0.390894,0.315314,0.536617,0.0635756
0,0,1,0,0,0,1,0,0,0,0
0.796158
0.0777961,0.374316,0.297399,0.614305,0.496568,0.440201,0.477536,0.865027,0.876653,0.156326
0,1,0,0,0,0,0,1,0,0
0.809836
0.385796,0.147463,0.876969,0.390839,0.566788,0.972353,0.145072,0.258379,0.115498,0.663068,0.100517
0,1,0,0,0,0,0,1,0,0,0
0.601461
0.428653,0.635043,0.181296,0.520795,0.0333386,0.73079,0.469856,0.396243,0.375213,0.472239
1,0,0,0,0,0,0,0,1,0
0.700966
0.551824,0.37823,0.0690807,0.689364,0.665029,0.501281,0.969682,0.802007,0.262709,0.709442,0.353208
0,0,0,1,0,0,0,1,0,0,0
0.872843
0.909001,0.206968,0.67346,0.809157,0.708194,0.632119,0.628611,0.565887,0.380236,0.27158,0.274987
0,0,1,0,0,0,1,0,0,0,0
0.825518
0.416102,0.927502,0.880447,0.816788,0.681017,0.836961,0.489028,0.692998,0.509218,0.280076,0.0691129
0,0,0,1,0,1,0,0,0,0,0
0.913437
0.766661,0.466474,0.491486,0.912239,0.0180517,0.866915,0.62863,0.724989,0.0563192,0.858191
0,0,1,0,0,0,0,0,0,1
0.837419
0.457959,0.425438,0.0165751,0.282947,0.953413,0.81773,0.504818,0.313974,0.747808,0.206891
0,0,0,0,1,0,1,0,0,0
0.864558
0.753737,0.796608,0.178138,0.246013,0.328492,0.0145397,0.803193,0.62249,0.791345,0.0734122
0,1,0,0,0,0,0,0,0,1
0.717505
0.960984,0.0225367,0.00406783,0.223414,0.688521,0.780066,0.743681,0.603272,0.318662,0.344373,0.28437
0,0,0,1,0,0,0,1,0,0,0
0.706672
0.146078,0.415972,0.255642,0.749752,0.954435,0.179329,0.908998,0.701554,0.329235,0.398875,0.373102
0,0,1,0,0,0,0,0,1,0,0
0.646219
0.537346,0.409704,0.998922,0.795908,0.181966,0.187599,0.609167,0.565473,0.203907,0.299946,0.418354
0,0,0,1,0,1,0,0,0,0,0
0.745877
0.467322,0.502459,0.385937,0.0568213,0.81987,0.186426,0.549644,0.78163,0.420657,0.972943,0.960245
0,0,0,1,0,0,0,0,0,1,0
0.757441
0.915055,0.0619684,0.300889,0.578897,0.693841,0.907213,0.341313,0.642596,0.589422,0.580182
0,0,0,0,1,0,0,1,0,0
0.834109
0.1649,0.141368,0.0675678,0.0327496,0.300072,0.439794,0.76492,0.273114,0.174361,0.023585,0.53382
1,0,0,0,0,0,1,0,0,0,0
0.732455
0.846109,0.758348,0.685446,0.679995,0.698823,0.125395,0.350398,0.905719,0.317651,0.396888,0.0502882
0,1,0,0,0,0,0,0,1,0,0
0.769
0.549571,0.0664532,0.215142,0.258972,0.558524,0.233468,0.263065,0.0738523,0.381128,0.434822,0.624268
0,0,1,0,0,0,0,0,1,0,0
0.649068
0.671649,0.889477,0.172216,0.265885,0.793589,0.212849,0.493331,0.997208,0.720688,0.608992
0,0,0,1,0,0,1,0,0,0
0.689804